14 96
2.51
1.18
2.16
5.68
2.42
4.31
1.58
1.22
1.05
1.03
2.22
1.73
218.59
8.31
1.21
2.04
2.44
1.32
2.63
1.13
1.26
3.5
1.91
1.07
17.04
1.29
4.51
2.17
1.2
1.55
4.56
6.03
2.01
10.55
1.42
2.57
1.93
1.08
1.18
1.58
3.46
10.87
30.48
3.14
3.92
1.81
8.78
1.4
1.44
1.46
6.24
2.33
1.08
1.5
1.63
1.4
6.43
2.6
2.75
2.56
1.64
3.33
2.64
1.49
1.5
1.08
1.17
1.61
1.61
1.26
2.98
3.17
4.32
1.27
1.83
1.0
2.22
4.3
12.42
5.52
2.79
1.16
3.41
1.25
1.81
7.37
12.71
8.87
1.08
1.61
1.14
1.85
5.36
2.45
4.67
6.04
4.04
1.16
9.84
1.1
3.59
1.03
3.27
1.34
1.19
2.19
3.1
1.73
2.63
166.98
1.0
7.49
1.94
2.01
26.96
1.41
1.07
19.28
1.1
3.36
1.31
1.6
3.99
6.1
6.31
2.41
1.07
1.12
12.61
2.48
1.65
1.01
7.21
1.32
4.0
6.5
1.18
3.49
6.23
2.61
1.14
1.12
1.3
3.99
1.25
1.79
3.34
1.06
1.58
1.8
1.64
1.05
9.75
1.86
1.29
10.18
2.83
6.25
1.27
21.56
1.4
4.66
1.12
3.79
1.61
2.68
1.93
1.43
2.46
2.4
1.89
1.03
3.91
1.87
3.69
4.63
1.4
1.48
6
1.01
1.45
4.53
1.54
3.06
1.67
5
4
1.8
1.32
1.29
1.39
1.31
3.51
1.09
55.09
1.29
5.64
2.95
14.22

